Point(1) = { 0, 0, 0, 0 };
Line(1) = { 1, 2, 0, 0 };
Point(2) = { 0.015, 0, 0, 0 };
Line(2) = { 2, 3, 0, 0 };
Point(3) = { 0.015, 0.003, 0, 0 };
Line(3) = { 3, 4, 0, 0 };
Point(4) = { 0.003, 0.003, 0, 0 };
Line(4) = { 4, 5, 0, 0 };
Point(5) = { 0.003, 0.01976, 0, 0 };
Line(5) = { 5, 6, 0, 0 };
Point(6) = { 0.015, 0.01976, 0, 0 };
Line(6) = { 6, 7, 0, 0 };
Point(7) = { 0.015, 0.02276, 0, 0 };
Line(7) = { 7, 8, 0, 0 };
Point(8) = { 0, 0.2276, 0, 0 };
Line(8) = { 8, 9, 0, 0 };
Curve Loop(1) = {1,2,3,4,5,6,7,8};
Plane Surface(0) = {0};
Physical Surface("steel") = { 0 };
Point(9) = { 0, 0, 0, 0 };
Line(9) = { 9, 10, 0, 0 };
Point(10) = { 0.015, 0, 0, 0 };
Line(10) = { 10, 11, 0, 0 };
Point(11) = { 0.015, 0.003, 0, 0 };
Line(11) = { 11, 12, 0, 0 };
Point(12) = { 0.003, 0.003, 0, 0 };
Line(12) = { 12, 13, 0, 0 };
Curve Loop(2) = {9,10,11,12};
Plane Surface(0) = {0};
Physical Surface("pvb") = { 0 };
Point(13) = { 0, 0, 0, 0 };
Line(13) = { 13, 14, 0, 0 };
Point(14) = { 0.015, 0, 0, 0 };
Line(14) = { 14, 15, 0, 0 };
Point(15) = { 0.015, 0.003, 0, 0 };
Line(15) = { 15, 16, 0, 0 };
Point(16) = { 0.003, 0.003, 0, 0 };
Line(16) = { 16, 17, 0, 0 };
Curve Loop(3) = {13,14,15,16};
Plane Surface(0) = {0};
Physical Surface("pvb") = { 0 };
Point(17) = { 0, 0, 0, 0 };
Line(17) = { 17, 18, 0, 0 };
Point(18) = { 0.015, 0, 0, 0 };
Line(18) = { 18, 19, 0, 0 };
Point(19) = { 0.015, 0.003, 0, 0 };
Line(19) = { 19, 20, 0, 0 };
Point(20) = { 0.003, 0.003, 0, 0 };
Line(20) = { 20, 21, 0, 0 };
Curve Loop(4) = {17,18,19,20};
Plane Surface(0) = {0};
Physical Surface("glass") = { 0 };
Point(21) = { 0, 0, 0, 0 };
Line(21) = { 21, 22, 0, 0 };
Point(22) = { 0.015, 0, 0, 0 };
Line(22) = { 22, 23, 0, 0 };
Point(23) = { 0.015, 0.003, 0, 0 };
Line(23) = { 23, 24, 0, 0 };
Point(24) = { 0.003, 0.003, 0, 0 };
Line(24) = { 24, 25, 0, 0 };
Curve Loop(5) = {21,22,23,24};
Plane Surface(0) = {0};
Physical Surface("glass") = { 0 };
Point(25) = { 0, 0, 0, 0 };
Line(25) = { 25, 26, 0, 0 };
Point(26) = { 0.015, 0, 0, 0 };
Line(26) = { 26, 27, 0, 0 };
Point(27) = { 0.015, 0.003, 0, 0 };
Line(27) = { 27, 28, 0, 0 };
Point(28) = { 0.003, 0.003, 0, 0 };
Line(28) = { 28, 29, 0, 0 };
Curve Loop(6) = {25,26,27,28};
Plane Surface(0) = {0};
Physical Surface("pvb") = { 0 };
Point(29) = { 0, 0, 0, 0 };
Line(29) = { 29, 30, 0, 0 };
Point(30) = { 0.015, 0, 0, 0 };
Line(30) = { 30, 31, 0, 0 };
Point(31) = { 0.015, 0.003, 0, 0 };
Line(31) = { 31, 32, 0, 0 };
Point(32) = { 0.003, 0.003, 0, 0 };
Line(32) = { 32, 33, 0, 0 };
Point(33) = { 0.003, 0.01976, 0, 0 };
Line(33) = { 33, 34, 0, 0 };
Point(34) = { 0.015, 0.01976, 0, 0 };
Line(34) = { 34, 35, 0, 0 };
Point(35) = { 0.015, 0.02276, 0, 0 };
Line(35) = { 35, 36, 0, 0 };
Point(36) = { 0, 0.2276, 0, 0 };
Line(36) = { 36, 37, 0, 0 };
Curve Loop(7) = {29,30,31,32,33,34,35,36};
Plane Surface(0) = {0};
Physical Surface("steel") = { 0 };
Point(37) = { 0, 0, 0, 0 };
Line(37) = { 37, 38, 0, 0 };
Point(38) = { 0.015, 0, 0, 0 };
Line(38) = { 38, 39, 0, 0 };
Point(39) = { 0.015, 0.003, 0, 0 };
Line(39) = { 39, 40, 0, 0 };
Point(40) = { 0.003, 0.003, 0, 0 };
Line(40) = { 40, 41, 0, 0 };
Curve Loop(8) = {37,38,39,40};
Plane Surface(0) = {0};
Physical Surface("pvb") = { 0 };
Point(41) = { 0, 0, 0, 0 };
Line(41) = { 41, 42, 0, 0 };
Point(42) = { 0.015, 0, 0, 0 };
Line(42) = { 42, 43, 0, 0 };
Point(43) = { 0.015, 0.003, 0, 0 };
Line(43) = { 43, 44, 0, 0 };
Point(44) = { 0.003, 0.003, 0, 0 };
Line(44) = { 44, 45, 0, 0 };
Curve Loop(9) = {41,42,43,44};
Plane Surface(0) = {0};
Physical Surface("pvb") = { 0 };
Point(45) = { 0, 0, 0, 0 };
Line(45) = { 45, 46, 0, 0 };
Point(46) = { 0.015, 0, 0, 0 };
Line(46) = { 46, 47, 0, 0 };
Point(47) = { 0.015, 0.003, 0, 0 };
Line(47) = { 47, 48, 0, 0 };
Point(48) = { 0.003, 0.003, 0, 0 };
Line(48) = { 48, 49, 0, 0 };
Point(49) = { 0.003, 0.01976, 0, 0 };
Line(49) = { 49, 50, 0, 0 };
Curve Loop(10) = {45,46,47,48,49};
Plane Surface(0) = {0};
Physical Surface("steel") = { 0 };
